0.999846	-0.016820	0.004986	0.016798	0.999849	0.004374	-0.005059	-0.004289	0.999978	-0.364705	-0.035992	0.930427
0.999925	-0.007465	0.009712	0.007474	0.999972	-0.000940	-0.009704	0.001012	0.999952	-0.257954	-0.076251	0.963144
0.999430	-0.001868	-0.033709	0.001695	0.999985	-0.005151	0.033718	0.005091	0.999418	-0.709813	-0.178780	0.681325
0.999695	0.000984	-0.024679	-0.001004	0.999999	-0.000799	0.024679	0.000823	0.999695	-0.942769	-0.112128	0.314029
0.999992	0.003577	0.001917	-0.003569	0.999985	-0.004097	-0.001932	0.004090	0.999990	-0.152702	-0.380447	0.912109
0.999995	0.003080	0.000383	-0.003081	0.999995	0.000286	-0.000382	-0.000287	1.000000	-0.155402	-0.169839	0.973142
0.999990	-0.002457	0.003721	0.002476	0.999984	-0.005102	-0.003709	0.005111	0.999980	-0.096013	-0.125747	0.987405
0.999940	-0.002851	0.010537	0.002881	0.999992	-0.002806	-0.010529	0.002836	0.999941	-0.015552	-0.144971	0.989314
0.999979	-0.005716	0.003079	0.005717	0.999984	-0.000324	-0.003077	0.000342	0.999995	-0.156440	-0.147147	0.976665
0.999868	-0.010198	0.012651	0.010120	0.999930	0.006208	-0.012713	-0.006079	0.999901	0.030294	0.051045	0.998237
0.999888	-0.012062	0.008895	0.012087	0.999923	-0.002773	-0.008861	0.002880	0.999957	-0.454246	-0.279584	0.845868
0.999942	-0.010403	0.002763	0.010406	0.999945	-0.001044	-0.002752	0.001072	0.999996	-0.330128	-0.176724	0.927245
0.999970	-0.006713	0.003984	0.006692	0.999963	0.005324	-0.004019	-0.005298	0.999978	-0.171310	0.008638	0.985179
0.999999	0.001343	0.000477	-0.001341	0.999995	-0.002866	-0.000481	0.002865	0.999996	-0.189695	-0.339088	0.921431
0.999954	-0.003256	0.009043	0.003231	0.999991	0.002765	-0.009052	-0.002736	0.999955	0.076158	-0.270731	0.959638
0.999999	-0.000819	0.000742	0.000819	0.999999	0.000621	-0.000742	-0.000620	1.000000	-0.022111	-0.252457	0.967356
0.999986	-0.000554	0.005204	0.000541	0.999997	0.002501	-0.005205	-0.002498	0.999983	0.132517	-0.046606	0.990084
0.999971	-0.001388	0.007554	0.001383	0.999999	0.000741	-0.007555	-0.000731	0.999971	0.056713	-0.141665	0.988289
0.999958	-0.003942	0.008287	0.003878	0.999963	0.007649	-0.008316	-0.007617	0.999936	0.215308	0.087442	0.972624
0.999968	-0.004430	0.006688	0.004419	0.999989	0.001606	-0.006695	-0.001577	0.999976	-0.043697	-0.207325	0.977296
0.999955	-0.009497	0.000402	0.009500	0.999936	-0.006198	-0.000343	0.006201	0.999981	-0.384333	-0.410684	0.826817
0.999964	-0.005905	0.006037	0.005908	0.999982	-0.000506	-0.006034	0.000542	0.999982	-0.041805	-0.130128	0.990615
0.999648	0.001828	0.026453	-0.002701	0.999451	0.033023	-0.026378	-0.033083	0.999104	0.544013	0.726397	0.419996
0.999972	-0.007312	-0.001816	0.007311	0.999973	-0.001042	0.001824	0.001029	0.999998	-0.370356	-0.195198	0.908149
0.999972	0.002743	0.006903	-0.002749	0.999996	0.000739	-0.006901	-0.000758	0.999976	0.085769	-0.309410	0.947053
0.999992	0.002384	0.003353	-0.002374	0.999993	-0.002949	-0.003360	0.002941	0.999990	-0.048782	-0.392062	0.918645
0.999999	-0.001071	0.000875	0.001068	0.999993	0.003610	-0.000879	-0.003609	0.999993	0.040133	0.028074	0.998800
0.999976	0.001663	0.006681	-0.001653	0.999997	-0.001561	-0.006684	0.001550	0.999976	0.095454	-0.209134	0.973217
0.999986	0.000460	0.005218	-0.000425	0.999978	-0.006632	-0.005221	0.006630	0.999964	-0.200802	-0.547750	0.812187
0.999818	-0.002204	0.018953	0.002139	0.999992	0.003450	-0.018961	-0.003409	0.999814	0.071917	-0.358548	0.930737
0.999563	-0.012837	0.026630	0.012748	0.999913	0.003490	-0.026672	-0.003149	0.999639	-0.299691	-0.186714	0.935587
0.999941	-0.008410	0.006894	0.008384	0.999958	0.003730	-0.006925	-0.003672	0.999969	-0.255675	-0.078793	0.963546
0.999992	-0.003556	0.002018	0.003551	0.999991	0.002118	-0.002026	-0.002111	0.999996	-0.243239	-0.153737	0.957706
0.999905	0.013387	0.003177	-0.013384	0.999910	-0.000997	-0.003190	0.000954	0.999994	-0.202475	-0.502028	0.840816
0.999991	0.004042	-0.000849	-0.004011	0.999407	0.034206	0.000986	-0.034202	0.999414	-0.081316	0.889844	0.448960
0.999920	0.009986	0.007783	-0.010003	0.999948	0.002109	-0.007761	-0.002186	0.999967	0.094965	-0.074430	0.992694
0.999964	0.006948	0.004812	-0.006959	0.999973	0.002223	-0.004796	-0.002256	0.999986	0.018567	-0.166570	0.985855
0.999951	-0.000777	0.009848	0.000725	0.999986	0.005269	-0.009852	-0.005262	0.999938	0.180283	-0.039570	0.982818
0.999964	-0.006181	-0.005854	0.006134	0.999949	-0.008027	0.005903	0.007991	0.999951	-0.455712	-0.542208	0.705930
0.999946	-0.003317	0.009892	0.003331	0.999993	-0.001492	-0.009887	0.001525	0.999950	-0.058890	-0.289464	0.955376
0.999978	-0.006227	0.002271	0.006230	0.999980	-0.000984	-0.002265	0.000998	0.999997	-0.235403	-0.148508	0.960485
0.999997	-0.002325	0.001053	0.002324	0.999997	0.000249	-0.001054	-0.000246	0.999999	-0.217338	-0.128700	0.967574
0.999974	-0.000989	0.007211	0.000976	0.999998	0.001841	-0.007212	-0.001834	0.999972	0.065489	-0.145481	0.987191
0.999972	0.000315	-0.007414	-0.000273	0.999983	0.005746	0.007415	-0.005744	0.999956	-0.421966	-0.120718	0.898539
1.000000	0.000615	0.000253	-0.000617	0.999989	0.004670	-0.000250	-0.004670	0.999989	0.222916	-0.142621	0.964348
0.999988	0.000005	-0.004936	0.000004	0.999998	0.001952	0.004936	-0.001952	0.999986	0.043254	-0.220984	0.974318
0.999973	0.003085	0.006653	-0.003115	0.999986	0.004388	-0.006640	-0.004409	0.999968	0.359049	0.026602	0.932939
0.999993	0.001107	0.003516	-0.001132	0.999974	0.007055	-0.003508	-0.007059	0.999969	0.159293	0.038021	0.986499
0.999972	0.000535	-0.007400	-0.000465	0.999955	0.009525	0.007405	-0.009522	0.999927	-0.263795	-0.109675	0.958323
1.000000	-0.000182	-0.000581	0.000183	1.000000	0.000753	0.000581	-0.000753	1.000000	-0.053866	-0.260045	0.964093
0.999981	0.001052	-0.006113	-0.001019	0.999984	0.005480	0.006119	-0.005474	0.999966	-0.240674	-0.053862	0.969110
0.999997	-0.000207	-0.002260	0.000209	1.000000	0.000770	0.002259	-0.000771	0.999997	0.000131	-0.148865	0.988857
0.999946	0.004925	-0.009122	-0.004883	0.999978	0.004589	0.009145	-0.004544	0.999948	-0.192057	-0.125419	0.973337
0.999965	0.007120	0.004327	-0.007135	0.999969	0.003430	-0.004303	-0.003461	0.999985	0.367413	-0.226682	0.902011
0.999996	0.002992	0.000031	-0.002992	0.999975	0.006476	-0.000011	-0.006476	0.999979	0.237807	-0.092307	0.966916
0.999908	0.004974	-0.012631	-0.004879	0.999959	0.007578	0.012669	-0.007515	0.999892	-0.086754	-0.084524	0.992638
1.000000	0.000033	-0.000175	-0.000032	0.999976	0.006899	0.000176	-0.006899	0.999976	0.206194	0.197269	0.958420
0.999998	-0.001829	0.000772	0.001828	0.999997	0.001640	-0.000775	-0.001639	0.999998	0.261996	-0.128827	0.956432
0.999994	0.000577	-0.003547	-0.000569	0.999997	0.002397	0.003549	-0.002395	0.999991	0.432427	-0.159668	0.887419
0.999794	-0.001171	-0.020283	0.001238	0.999994	0.003323	0.020279	-0.003347	0.999789	0.568636	-0.266770	0.778130
0.999997	-0.001894	-0.001825	0.001877	0.999954	-0.009389	0.001842	0.009386	0.999954	0.875477	-0.294159	0.383420
0.998558	0.000388	-0.053688	0.000080	0.999962	0.008711	0.053689	-0.008702	0.998520	0.351676	0.154468	0.923290
0.999903	0.011648	-0.007668	-0.011481	0.999704	0.021467	0.007916	-0.021376	0.999740	0.901095	0.384972	0.199558
0.999980	0.002819	-0.005734	-0.002831	0.999994	-0.002018	0.005728	0.002034	0.999982	0.918814	-0.066570	0.389036
0.998761	0.012731	-0.048109	-0.012554	0.999913	0.003978	0.048155	-0.003369	0.998834	0.318899	0.148426	0.936095
0.999437	0.022461	-0.024920	-0.022190	0.999692	0.011094	0.025162	-0.010535	0.999628	0.931514	0.141781	0.334934
0.997727	0.018052	-0.064927	-0.017849	0.999834	0.003706	0.064983	-0.002538	0.997883	0.023148	0.032489	0.999204
0.998162	0.015998	-0.058460	-0.015721	0.999863	0.005190	0.058535	-0.004261	0.998276	0.314243	0.073778	0.946471
0.997922	0.018855	-0.061612	-0.018738	0.999821	0.002474	0.061647	-0.001314	0.998097	0.153533	-0.116592	0.981241
0.995386	0.026430	-0.092236	-0.025546	0.999616	0.010759	0.092485	-0.008353	0.995679	0.060810	0.085832	0.994452
0.996019	0.029954	-0.083956	-0.030108	0.999546	-0.000568	0.083901	0.003093	0.996469	0.102063	-0.143617	0.984356
0.998555	0.005846	-0.053411	-0.005631	0.999975	0.004187	0.053434	-0.003880	0.998564	-0.289457	0.154338	0.944667
0.999597	0.009046	-0.026925	-0.008964	0.999955	0.003183	0.026952	-0.002940	0.999632	0.629239	0.048512	0.775696
0.999267	0.008098	-0.037412	-0.008065	0.999967	0.001038	0.037419	-0.000736	0.999299	0.074610	-0.044325	0.996227
0.997788	0.012423	-0.065302	-0.012276	0.999921	0.002644	0.065329	-0.001837	0.997862	0.172058	-0.041282	0.984221
0.999657	0.005941	-0.025506	-0.005681	0.999931	0.010241	0.025565	-0.010092	0.999622	0.510160	0.060915	0.857919
0.998326	0.001069	-0.057826	-0.000692	0.999978	0.006542	0.057831	-0.006491	0.998305	0.110187	0.034935	0.993297
0.998877	0.010235	-0.046264	-0.010112	0.999945	0.002897	0.046291	-0.002426	0.998925	-0.008475	-0.048659	0.998780
0.998349	0.008450	-0.056812	-0.007929	0.999925	0.009379	0.056887	-0.008913	0.998341	0.388713	0.122804	0.913138
0.996999	0.014964	-0.075956	-0.014869	0.999888	0.001814	0.075974	-0.000680	0.997110	-0.839470	-0.099953	0.534134
0.999146	0.001003	-0.041316	-0.000881	0.999995	0.002949	0.041319	-0.002910	0.999142	0.293503	0.019795	0.955753
0.997080	0.016867	-0.074482	-0.016572	0.999852	0.004583	0.074548	-0.003336	0.997212	-0.222377	-0.014329	0.974855
0.998841	0.006390	-0.047708	-0.006291	0.999978	0.002218	0.047722	-0.001915	0.998859	-0.204024	-0.000960	0.978965
0.998300	-0.003026	-0.058202	0.002941	0.999994	-0.001544	0.058206	0.001370	0.998304	-0.960979	-0.084006	0.263557
0.995760	0.004481	-0.091885	-0.003797	0.999964	0.007625	0.091916	-0.007243	0.995740	-0.807866	-0.034923	0.588330
0.998286	0.006357	-0.058185	-0.005945	0.999956	0.007245	0.058229	-0.006887	0.998280	-0.367858	0.000266	0.929882
0.999130	-0.000330	-0.041693	0.006381	0.989400	0.145074	0.041203	-0.145214	0.988542	0.047888	0.972282	0.228853
0.999959	-0.001285	-0.008934	0.002236	0.994232	0.107229	0.008745	-0.107245	0.994194	0.011208	0.997657	-0.067484
0.956645	0.016146	0.290808	-0.020591	0.999713	0.012232	-0.290527	-0.017690	0.956703	0.956972	0.034742	0.288094
0.999884	0.014220	-0.005515	-0.012888	0.981117	0.192983	0.008155	-0.192890	0.981187	0.044628	0.994192	0.097927
0.999459	0.032724	0.003372	-0.032874	0.989669	0.139554	0.001230	-0.139589	0.990209	0.048854	0.995835	0.076984
0.998852	0.018072	0.044366	-0.039171	0.841271	0.539192	-0.027580	-0.540311	0.841013	0.062618	0.971791	0.227380
0.999930	-0.004708	-0.010876	0.004049	0.998201	-0.059826	0.011138	0.059778	0.998150	-0.057852	-0.931419	0.359321
0.999859	0.004723	-0.016103	-0.004245	0.999553	0.029586	0.016235	-0.029514	0.999433	-0.039476	0.656976	0.752877
0.999824	0.008970	-0.016476	-0.009616	0.999170	-0.039588	0.016107	0.039740	0.999080	-0.052203	-0.970653	0.234752
0.999968	-0.004120	-0.006856	0.004035	0.999914	-0.012472	0.006907	0.012444	0.999899	-0.085086	-0.768434	0.634248
0.998376	0.054047	0.018015	-0.056967	0.950504	0.305444	-0.000615	-0.305974	0.952040	0.042053	0.995463	0.085357
0.999537	0.018675	-0.024023	-0.017122	0.997846	0.063322	0.025154	-0.062882	0.997704	0.030493	0.958318	0.284073
0.999857	0.003267	-0.016615	-0.003020	0.999884	0.014916	0.016662	-0.014864	0.999751	0.445483	0.151474	0.882383
0.999662	0.015226	-0.021096	-0.014418	0.999176	0.037936	0.021657	-0.037619	0.999057	0.000045	0.939791	0.341751
0.995849	0.012586	0.090150	-0.013465	0.999867	0.009157	-0.090022	-0.010333	0.995886	0.916364	0.075236	0.393212
0.975093	-0.040892	-0.217994	0.040953	0.999152	-0.004242	0.217982	-0.004791	0.975941	-0.997549	-0.050209	-0.048732
0.996241	-0.064527	-0.057794	0.044001	0.951647	-0.304025	0.074618	0.300340	0.950909	-0.148151	-0.923465	0.353926
0.999216	-0.031080	-0.024517	0.029773	0.998205	-0.051964	0.026088	0.051193	0.998348	-0.149243	-0.923738	0.352754
0.999495	0.019748	-0.024885	-0.019949	0.999770	-0.007852	0.024724	0.008345	0.999659	-0.272182	-0.457033	0.846780
0.999414	-0.021496	-0.026637	0.019400	0.996875	-0.076575	0.028200	0.076014	0.996708	-0.190407	-0.952169	0.238995
0.999829	0.002536	-0.018310	-0.002660	0.999974	-0.006738	0.018293	0.006785	0.999810	-0.327446	-0.375185	0.867188
0.999738	0.022866	0.000757	-0.022865	0.997435	0.067831	0.000796	-0.067830	0.997697	0.034511	0.975840	0.215741
0.999896	-0.010347	-0.010036	0.010190	0.999827	-0.015538	0.010195	0.015434	0.999829	-0.388250	-0.611777	0.689196
0.999991	-0.000511	-0.004189	0.000506	0.999999	-0.001383	0.004189	0.001381	0.999990	0.050658	-0.298521	0.953058
0.999969	-0.006916	0.003838	0.006726	0.998847	0.047543	-0.004163	-0.047516	0.998862	0.151051	0.950413	0.271842
0.999981	0.004188	-0.004445	-0.004195	0.999990	-0.001619	0.004438	0.001637	0.999989	0.074030	-0.398674	0.914100
0.999987	-0.004501	-0.002271	0.004571	0.999476	0.032058	0.002126	-0.032068	0.999483	0.013461	0.927159	0.374426
0.999997	0.002005	-0.001097	-0.002004	0.999998	0.000921	0.001099	-0.000919	0.999999	0.150318	-0.330997	0.931582
0.999971	-0.006024	-0.004679	0.006005	0.999974	-0.004034	0.004704	0.004006	0.999981	-0.030018	-0.317623	0.947742
0.999976	-0.003933	0.005626	0.003917	0.999988	0.002796	-0.005636	-0.002773	0.999980	0.233578	-0.106459	0.966492
0.999436	0.002436	-0.033507	-0.003087	0.999807	-0.019408	0.033453	0.019500	0.999250	-0.628676	-0.486094	0.607025
0.999998	-0.000340	-0.002057	0.000340	1.000000	0.000037	0.002057	-0.000037	0.999998	0.021953	-0.145190	0.989160
0.999992	0.001231	-0.003685	-0.001235	0.999999	-0.001180	0.003683	0.001185	0.999993	-0.121038	-0.231418	0.965296
0.999585	-0.004224	-0.028505	0.003533	0.999700	-0.024226	0.028599	0.024115	0.999300	-0.565162	-0.590784	0.575817
0.999971	0.006094	-0.004662	-0.006083	0.999979	0.002309	0.004676	-0.002281	0.999986	-0.103741	-0.373983	0.921615
0.999967	-0.007716	-0.002703	0.007698	0.999948	-0.006762	0.002755	0.006741	0.999973	-0.119481	-0.461458	0.879080
0.999982	0.005742	-0.001549	-0.005756	0.999943	-0.009002	0.001498	0.009011	0.999958	0.028126	-0.550914	0.834088
0.999959	0.000449	-0.009005	-0.000538	0.999951	-0.009897	0.009001	0.009901	0.999910	-0.248120	-0.598994	0.761342
0.999579	0.004596	-0.028637	-0.005301	0.999684	-0.024584	0.028515	0.024725	0.999288	-0.599115	-0.626866	0.498097
0.999988	0.004678	-0.001645	-0.004671	0.999980	0.004162	0.001664	-0.004155	0.999990	0.000278	-0.129082	0.991634
0.999924	0.001698	-0.012175	-0.001801	0.999962	-0.008472	0.012160	0.008494	0.999890	-0.534840	-0.513768	0.670812
0.999980	0.005730	0.002510	-0.005733	0.999983	0.000929	-0.002505	-0.000943	0.999996	0.077088	-0.174805	0.981581
0.999964	0.007879	-0.003166	-0.007845	0.999914	0.010534	0.003249	-0.010508	0.999940	0.042679	-0.273824	0.960832
0.999998	-0.000774	-0.001700	0.000761	0.999972	-0.007505	0.001706	0.007504	0.999970	-0.020376	-0.645755	0.763273
0.999996	0.002023	-0.001826	-0.002025	0.999998	-0.000661	0.001825	0.000664	0.999998	0.034203	-0.287195	0.957261
0.999988	0.004112	-0.002520	-0.004119	0.999988	-0.002687	0.002509	0.002698	0.999993	0.077185	-0.302420	0.950044
0.999980	0.001675	-0.006078	-0.001668	0.999998	0.001020	0.006080	-0.001010	0.999981	0.189984	-0.172123	0.966581
0.999832	-0.003480	-0.017982	0.003529	0.999990	0.002690	0.017973	-0.002753	0.999835	0.110188	-0.003116	0.993906
0.999857	0.004895	-0.016187	-0.004923	0.999986	-0.001684	0.016179	0.001763	0.999868	0.369932	-0.193807	0.908620
0.999772	0.007891	-0.019856	-0.007842	0.999966	0.002570	0.019876	-0.002414	0.999800	-0.137308	-0.056382	0.988922
0.998941	0.029007	-0.035723	-0.028987	0.999579	0.001080	0.035740	-0.000044	0.999361	0.052596	-0.213134	0.975606
0.998983	0.016172	-0.042090	-0.016868	0.999726	-0.016229	0.041816	0.016922	0.998982	-0.204637	-0.635129	0.744805
0.999285	0.013275	-0.035400	-0.013232	0.999911	0.001453	0.035416	-0.000984	0.999372	0.024818	-0.306920	0.951412
0.996473	0.013762	-0.082776	-0.012852	0.999851	0.011511	0.082923	-0.010406	0.996502	-0.516466	-0.019117	0.856094
0.998854	0.022008	-0.042503	-0.022080	0.999755	-0.001235	0.042466	0.002172	0.999096	0.090019	-0.258838	0.961717
0.999221	0.013934	-0.036920	-0.013816	0.999899	0.003460	0.036964	-0.002948	0.999312	0.180591	-0.263344	0.947648
0.999216	0.015231	-0.036553	-0.015096	0.999878	0.003958	0.036609	-0.003403	0.999324	0.071306	-0.156901	0.985037
0.999037	0.018224	-0.039916	-0.018138	0.999832	0.002524	0.039955	-0.001798	0.999200	-0.007879	-0.223565	0.974657
0.999336	0.015264	-0.033096	-0.015181	0.999881	0.002753	0.033134	-0.002249	0.999448	0.138471	-0.216721	0.966363
0.999374	0.012400	-0.033138	-0.012304	0.999920	0.003094	0.033174	-0.002684	0.999446	0.180929	-0.248513	0.951581
0.999170	0.011814	-0.038979	-0.010804	0.999603	0.026034	0.039271	-0.025592	0.998901	0.049767	0.413224	0.909269
0.999899	0.003287	-0.013825	-0.003448	0.999927	-0.011599	0.013786	0.011646	0.999837	0.275528	-0.743239	0.609656
0.999253	0.014454	-0.035841	-0.014371	0.999893	0.002581	0.035875	-0.002064	0.999354	0.330900	-0.401854	0.853826
0.999862	0.015428	-0.006188	-0.015503	0.999805	-0.012196	0.005999	0.012291	0.999906	0.634264	-0.621667	0.459609
0.998912	0.012404	-0.044954	-0.012542	0.999917	-0.002782	0.044916	0.003343	0.998985	0.289419	-0.431863	0.854243
0.999342	0.006657	-0.035665	-0.006557	0.999974	0.002924	0.035684	-0.002688	0.999360	-0.255425	-0.112006	0.960319
0.999093	0.015732	-0.039579	-0.016115	0.999826	-0.009365	0.039425	0.009995	0.999173	0.570503	-0.523076	0.633181
0.998593	0.015547	-0.050692	-0.015204	0.999859	0.007136	0.050795	-0.006355	0.998689	0.526393	-0.178483	0.831297
0.999055	0.009387	-0.042436	-0.009342	0.999956	0.001262	0.042446	-0.000865	0.999098	0.680526	-0.133387	0.720481
0.999073	0.017123	-0.039493	-0.017001	0.999850	0.003421	0.039545	-0.002746	0.999214	0.748328	-0.199669	0.632564
0.998905	0.021954	-0.041314	-0.022177	0.999742	-0.004961	0.041195	0.005871	0.999134	0.669805	-0.536169	0.513697
0.998806	0.015374	-0.046364	-0.015023	0.999856	0.007898	0.046479	-0.007192	0.998893	0.538278	-0.150631	0.829197
0.996464	0.035837	-0.075989	-0.035073	0.999320	0.011374	0.076345	-0.008669	0.997044	0.017475	-0.322325	0.946468
0.999345	0.035166	-0.008487	-0.034916	0.998996	0.028057	0.009466	-0.027742	0.999570	0.930978	-0.080356	0.356121
0.999065	0.024471	-0.035647	-0.024511	0.999699	-0.000682	0.035619	0.001555	0.999364	0.438569	-0.341503	0.831284
0.998044	0.020973	-0.058898	-0.020643	0.999768	0.006199	0.059015	-0.004971	0.998245	0.146978	-0.168647	0.974657
0.998711	0.006269	-0.050374	-0.006329	0.999979	-0.001028	0.050367	0.001346	0.998730	0.177282	-0.270035	0.946389
0.999243	0.001520	-0.038876	-0.001868	0.999958	-0.008923	0.038861	0.008989	0.999204	0.352456	-0.551807	0.755833
0.999408	0.004376	-0.034122	-0.004110	0.999961	0.007861	0.034155	-0.007716	0.999387	0.245531	-0.162264	0.955712
0.999813	0.006434	-0.018254	-0.006548	0.999959	-0.006191	0.018213	0.006309	0.999814	0.263605	-0.713364	0.649325
0.999557	0.000165	-0.029772	0.000132	0.999950	0.009993	0.029772	-0.009992	0.999507	0.209733	-0.248289	0.945708
0.999954	0.001103	-0.009556	-0.001179	0.999968	-0.007889	0.009547	0.007900	0.999923	0.424445	-0.551294	0.718277
0.998480	0.014480	-0.053185	-0.014554	0.999894	-0.000997	0.053165	0.001769	0.998584	-0.883652	-0.150608	0.443256
0.999728	0.012841	-0.019463	-0.012690	0.999889	0.007852	0.019561	-0.007603	0.999780	0.357445	-0.005651	0.933917
0.999900	0.005569	-0.012976	-0.005813	0.999804	-0.018899	0.012868	0.018973	0.999737	0.133799	-0.882692	0.450503
0.999472	0.018989	-0.026375	-0.019024	0.999818	-0.001076	0.026350	0.001577	0.999652	-0.100379	-0.314856	0.943816
0.999961	0.006313	-0.006235	-0.006321	0.999979	-0.001265	0.006227	0.001304	0.999980	0.479902	-0.239262	0.844066
0.999079	0.011421	-0.041369	-0.011467	0.999934	-0.000860	0.041357	0.001334	0.999144	-0.932431	-0.123189	0.339701
0.999942	0.009451	-0.005179	-0.009302	0.999558	0.028240	0.005444	-0.028190	0.999588	0.374974	0.413335	0.829788
0.999977	0.006727	0.000558	-0.006737	0.999789	0.019388	-0.000427	-0.019391	0.999812	0.538458	0.563308	0.626695
0.999695	0.015065	-0.019565	-0.015032	0.999885	0.001806	0.019590	-0.001512	0.999807	-0.050879	-0.298059	0.953190
0.999994	-0.002753	0.002189	0.002719	0.999876	0.015535	-0.002231	-0.015529	0.999877	0.375738	0.508463	0.774782
0.999962	-0.004472	-0.007475	0.004478	0.999990	0.000837	0.007472	-0.000870	0.999972	-0.081196	-0.194441	0.977548
0.999978	-0.003792	-0.005400	0.003796	0.999992	0.000824	0.005397	-0.000844	0.999985	-0.032076	-0.179954	0.983152
0.999898	-0.013436	0.004806	0.013451	0.999905	-0.003075	-0.004765	0.003139	0.999984	0.194322	-0.432817	0.880289
0.999907	-0.010159	-0.009123	0.010129	0.999943	-0.003332	0.009156	0.003239	0.999953	-0.315524	-0.229673	0.920703
0.999998	-0.002151	-0.000430	0.002151	0.999998	0.000413	0.000429	-0.000414	1.000000	-0.058957	-0.116005	0.991497
0.999988	-0.000526	0.004932	0.000451	0.999885	0.015181	-0.004939	-0.015178	0.999873	0.141648	0.547530	0.824710
0.999992	-0.002013	0.003484	0.002007	0.999996	0.001862	-0.003488	-0.001855	0.999992	0.145446	-0.130724	0.980692
0.999983	-0.002192	0.005352	0.002033	0.999560	0.029581	-0.005415	-0.029569	0.999548	0.092228	0.511613	0.854252
0.999980	0.005353	-0.003355	-0.005346	0.999983	0.002211	0.003367	-0.002193	0.999992	-0.044732	-0.391723	0.918995
0.999916	0.006249	-0.011317	-0.006168	0.999955	0.007182	0.011362	-0.007111	0.999910	-0.050384	-0.258494	0.964698
0.999989	-0.002564	0.003909	0.002668	0.999632	-0.026992	-0.003838	0.027002	0.999628	0.268759	-0.909409	0.317401
0.999993	-0.003063	0.001927	0.003028	0.999831	0.018160	-0.001982	-0.018154	0.999833	0.326557	0.496902	0.804021
0.999979	0.000575	-0.006419	-0.000582	0.999999	-0.001095	0.006418	0.001099	0.999979	0.127551	-0.280420	0.951365
0.999998	0.000887	0.001942	-0.000910	0.999928	0.011947	-0.001932	-0.011949	0.999927	0.332650	0.163892	0.928700
0.999994	0.001986	0.002685	-0.001969	0.999977	-0.006501	-0.002698	0.006496	0.999975	0.320870	-0.382992	0.866233
0.999994	0.001961	-0.002718	-0.001962	0.999998	-0.000101	0.002718	0.000106	0.999996	0.185556	-0.459819	0.868410
0.999947	0.002234	0.010020	-0.002157	0.999968	-0.007642	-0.010037	0.007620	0.999921	0.388936	-0.429070	0.815247
0.999993	-0.003583	0.000803	0.003583	0.999994	0.000040	-0.000803	-0.000037	1.000000	0.087353	-0.243885	0.965862
0.999979	0.004383	0.004783	-0.004365	0.999983	-0.003897	-0.004800	0.003876	0.999981	0.293630	-0.346969	0.890726
0.999962	-0.006705	0.005658	0.006678	0.999966	0.004898	-0.005690	-0.004860	0.999972	0.234514	-0.142977	0.961541
0.999998	-0.001650	0.000766	0.001645	0.999983	0.005592	-0.000775	-0.005591	0.999984	0.114427	-0.179920	0.977003
0.999998	0.001973	-0.000712	-0.001972	0.999996	0.001773	0.000716	-0.001771	0.999998	-0.033072	-0.387792	0.921153
0.999875	-0.002279	0.015664	0.002159	0.999968	0.007670	-0.015681	-0.007635	0.999848	0.660956	-0.008107	0.750381
0.999999	0.000020	-0.001483	-0.000017	0.999998	0.002125	0.001483	-0.002125	0.999997	-0.039913	-0.241966	0.969463
0.999996	-0.000046	-0.002697	0.000033	0.999989	-0.004749	0.002697	0.004749	0.999985	-0.066564	-0.482411	0.873412
0.999999	-0.000250	0.001114	0.000247	0.999994	0.003359	-0.001115	-0.003358	0.999994	0.080923	-0.169569	0.982190
0.999987	0.002495	-0.004521	-0.002481	0.999992	0.003143	0.004529	-0.003131	0.999985	-0.155652	-0.192489	0.968876
0.999997	0.001580	-0.001846	-0.001573	0.999991	0.003830	0.001852	-0.003828	0.999991	-0.028669	-0.193751	0.980632
0.999996	-0.001283	-0.002562	0.001291	0.999994	0.003126	0.002558	-0.003129	0.999992	-0.114350	-0.143252	0.983058
0.999996	0.001362	0.002571	-0.001364	0.999999	0.000954	-0.002569	-0.000958	0.999996	0.061812	-0.288829	0.955383
0.999992	0.001825	-0.003490	-0.001826	0.999998	-0.000489	0.003489	0.000495	0.999994	-0.193610	-0.235268	0.952452
0.999992	0.003593	-0.001584	-0.003587	0.999987	0.003750	0.001598	-0.003745	0.999992	-0.172580	-0.161777	0.971619
0.999981	0.006119	0.001089	-0.006124	0.999969	0.005009	-0.001058	-0.005016	0.999987	0.470920	0.001677	0.882174
0.999584	0.005472	-0.028332	-0.005504	0.999984	-0.001062	0.028326	0.001217	0.999598	-0.919516	-0.114151	0.376112
0.999367	0.014853	-0.032338	-0.014825	0.999889	0.001119	0.032351	-0.000639	0.999476	0.042928	-0.173826	0.983840
0.999414	0.014413	-0.031052	-0.014379	0.999896	0.001327	0.031068	-0.000880	0.999517	-0.084993	-0.158407	0.983709
0.998654	0.025234	-0.045312	-0.024888	0.999657	0.008200	0.045503	-0.007061	0.998939	0.163318	-0.149253	0.975218
0.999287	0.009228	-0.036611	-0.008946	0.999929	0.007862	0.036681	-0.007529	0.999299	0.125856	-0.110198	0.985909
0.999124	0.012469	-0.039943	-0.012452	0.999922	0.000674	0.039949	-0.000176	0.999202	0.070604	-0.222786	0.972307
0.998891	0.012631	-0.045352	-0.012437	0.999912	0.004551	0.045406	-0.003982	0.998961	0.113213	-0.083517	0.990054
0.997475	0.013536	-0.069718	-0.013299	0.999904	0.003864	0.069764	-0.002927	0.997559	0.167368	-0.036536	0.985217
0.997524	0.022120	-0.066752	-0.022080	0.999755	0.001337	0.066765	0.000140	0.997769	0.202415	-0.130435	0.970575
0.997789	0.018348	-0.063871	-0.017936	0.999815	0.007013	0.063988	-0.005852	0.997934	0.257178	-0.066114	0.964100
0.996262	0.032880	-0.079884	-0.032876	0.999459	0.001362	0.079885	0.001269	0.996803	0.021917	-0.257152	0.966122
0.995833	0.035439	-0.084031	-0.035174	0.999370	0.004637	0.084142	-0.001662	0.996452	0.111594	-0.308440	0.944675
0.997896	0.019909	-0.061696	-0.019811	0.999801	0.002203	0.061728	-0.000976	0.998093	0.095180	-0.172010	0.980486
0.998004	0.022203	-0.059122	-0.021891	0.999743	0.005913	0.059238	-0.004606	0.998233	0.228424	-0.156329	0.960928
0.998185	0.019491	-0.056983	-0.019463	0.999810	0.001045	0.056993	0.000066	0.998375	0.293740	-0.182403	0.938321
0.997719	0.018954	-0.064783	-0.018426	0.999792	0.008735	0.064935	-0.007521	0.997861	0.235041	-0.017652	0.971825
0.997937	0.021080	-0.060639	-0.020759	0.999767	0.005909	0.060750	-0.004638	0.998142	0.353405	-0.112279	0.928708
0.997625	0.021689	-0.065370	-0.021574	0.999764	0.002468	0.065408	-0.001052	0.997858	0.148532	-0.212536	0.965799
0.997200	0.025019	-0.070476	-0.024556	0.999671	0.007430	0.070639	-0.005678	0.997486	-0.040142	-0.181287	0.982611
0.997919	0.017780	-0.061976	-0.018431	0.999781	-0.009943	0.061786	0.011065	0.998028	0.064245	-0.641652	0.764300
0.996556	0.032305	-0.076368	-0.035957	0.998250	-0.046943	0.074718	0.049527	0.995974	0.224969	-0.924509	0.307688
0.995827	0.017377	-0.089588	-0.013874	0.999120	0.039583	0.090197	-0.038175	0.995192	-0.067918	0.692673	0.718047
0.997494	0.023010	-0.066899	-0.022629	0.999723	0.006455	0.067029	-0.004925	0.997739	0.118318	-0.331775	0.935909
0.999372	0.010276	-0.033912	-0.010080	0.999931	0.005950	0.033971	-0.005604	0.999407	-0.047613	-0.291246	0.955462
0.999514	0.006531	-0.030489	-0.006351	0.999962	0.005985	0.030527	-0.005789	0.999517	0.127333	-0.224817	0.966045
0.999720	0.000898	-0.023657	-0.000264	0.999641	0.026799	0.023673	-0.026786	0.999361	0.075778	-0.193172	0.978234
0.999826	-0.003785	-0.018280	0.003803	0.999992	0.000932	0.018277	-0.001001	0.999832	0.230930	-0.380958	0.895289
0.999831	0.007736	-0.016684	-0.007702	0.999968	0.002062	0.016699	-0.001933	0.999859	0.289586	-0.350733	0.890576
0.999967	0.000963	-0.008094	-0.000985	0.999996	-0.002617	0.008092	0.002625	0.999964	0.259510	-0.408984	0.874864
0.999742	-0.002586	-0.022562	0.002726	0.999977	0.006162	0.022546	-0.006222	0.999726	-0.144502	-0.104831	0.983936
0.999832	0.008211	-0.016369	-0.008181	0.999965	0.001915	0.016384	-0.001780	0.999864	0.004679	-0.162384	0.986716
0.999812	0.008865	-0.017218	-0.008844	0.999960	0.001300	0.017229	-0.001147	0.999851	-0.141264	-0.269668	0.952535
0.999716	0.010581	-0.021342	-0.010532	0.999942	0.002414	0.021366	-0.002189	0.999769	-0.203317	-0.233954	0.950751
0.999631	0.008626	-0.025744	-0.008784	0.999943	-0.006047	0.025690	0.006271	0.999650	-0.306295	-0.445716	0.841142
0.999556	0.009359	-0.028287	-0.009335	0.999956	0.000977	0.028295	-0.000713	0.999599	-0.334875	-0.351973	0.874056
0.999877	-0.002259	-0.015505	0.002249	0.999997	-0.000630	0.015506	0.000595	0.999880	-0.255644	-0.220090	0.941385
0.999814	0.000131	-0.019266	-0.000157	0.999999	-0.001339	0.019265	0.001342	0.999814	-0.292142	-0.253349	0.922208
0.999736	0.006433	-0.022073	-0.005689	0.999420	0.033581	0.022276	-0.033447	0.999192	-0.347554	0.746564	0.567317
0.999968	0.003138	-0.007343	-0.003136	0.999995	0.000281	0.007344	-0.000258	0.999973	0.044472	-0.159967	0.986120
0.999998	0.000332	-0.001772	-0.000336	0.999998	-0.002184	0.001771	0.002184	0.999996	0.016449	-0.263345	0.964562
0.999999	0.000454	-0.001567	-0.000459	0.999994	-0.003419	0.001565	0.003420	0.999993	0.042697	-0.390966	0.919414
0.999981	0.006226	0.000236	-0.006226	0.999980	0.001184	-0.000228	-0.001185	0.999999	0.213177	-0.209124	0.954370
0.999995	-0.002702	-0.001389	0.002699	0.999995	-0.001756	0.001393	0.001752	0.999997	-0.002808	-0.330727	0.943722
0.999999	0.000388	0.001267	-0.000394	0.999990	0.004403	-0.001265	-0.004404	0.999990	0.206977	-0.249004	0.946127
0.999973	0.007371	-0.000093	-0.007370	0.999953	0.006273	0.000139	-0.006272	0.999980	0.106127	-0.183864	0.977206
0.999995	-0.000760	-0.002936	0.000745	0.999988	-0.004922	0.002940	0.004920	0.999984	-0.031431	-0.485108	0.873889
0.999980	0.006323	-0.000038	-0.006323	0.999959	0.006505	0.000079	-0.006505	0.999979	-0.004296	-0.182813	0.983138
0.999990	0.002558	-0.003697	-0.002544	0.999990	0.003773	0.003707	-0.003763	0.999986	-0.083771	-0.159346	0.983662
0.999683	0.012903	-0.021618	-0.012673	0.999862	0.010741	0.021753	-0.010464	0.999709	-0.299013	-0.074571	0.951331
0.999980	0.005113	-0.003591	-0.005097	0.999977	0.004401	0.003613	-0.004383	0.999984	-0.146109	-0.133341	0.980241
0.999994	0.000777	-0.003348	-0.000772	0.999999	0.001465	0.003349	-0.001462	0.999993	-0.141902	-0.299189	0.943583
0.999725	0.019460	-0.013115	-0.019216	0.999645	0.018470	0.013470	-0.018213	0.999743	-0.322664	0.108053	0.940326
0.999937	0.008283	-0.007521	-0.008263	0.999962	0.002667	0.007543	-0.002604	0.999968	-0.004258	-0.373071	0.927793
0.999978	0.006363	-0.001935	-0.006352	0.999966	0.005227	0.001968	-0.005214	0.999984	0.160240	-0.174583	0.971516
0.999275	0.001606	-0.038049	-0.000316	0.999426	0.033889	0.038082	-0.033852	0.998701	-0.643068	0.531982	0.550871
0.999976	-0.001444	-0.006794	0.001456	0.999997	0.001710	0.006792	-0.001720	0.999975	-0.179148	-0.183739	0.966512
0.999924	0.006455	-0.010521	-0.006401	0.999967	0.005077	0.010553	-0.005009	0.999932	-0.215299	-0.123747	0.968676
0.999981	-0.003896	-0.004855	0.003847	0.999943	-0.009990	0.004894	0.009972	0.999938	-0.191971	-0.631072	0.751595
0.999924	-0.003542	-0.011816	0.003736	0.999858	0.016425	0.011756	-0.016468	0.999795	-0.553851	0.535304	0.637729
0.999909	-0.001674	0.013395	0.001596	0.999982	0.005812	-0.013404	-0.005790	0.999893	0.364815	-0.161672	0.916936
0.999992	-0.003904	0.000086	0.003904	0.999992	-0.000134	-0.000086	0.000134	1.000000	-0.140929	-0.140578	0.979988
0.999999	0.001063	-0.000410	-0.001066	0.999973	-0.007247	0.000403	0.007248	0.999974	-0.204686	-0.486841	0.849170
0.999999	-0.001281	0.001161	0.001285	0.999994	-0.003271	-0.001157	0.003272	0.999994	-0.047354	-0.176363	0.983185
0.999886	-0.000306	0.015104	0.000279	0.999998	0.001770	-0.015104	-0.001765	0.999884	0.734164	-0.074829	0.674836
0.999954	0.008680	0.004145	-0.008671	0.999960	-0.002278	-0.004165	0.002242	0.999989	0.136515	-0.448029	0.883535
0.999915	0.013054	0.000519	-0.013044	0.999788	-0.015900	-0.000726	0.015892	0.999873	0.122464	-0.706358	0.697180
0.999932	0.009345	0.006964	-0.009369	0.999950	0.003379	-0.006932	-0.003444	0.999970	0.356614	-0.187015	0.915342
0.999955	0.009391	0.001261	-0.009395	0.999951	0.003192	-0.001231	-0.003204	0.999994	0.191001	-0.189776	0.963070
0.999970	0.006403	0.004313	-0.006413	0.999977	0.002151	-0.004299	-0.002178	0.999988	0.466239	-0.196155	0.862638
0.999961	0.007875	0.003930	-0.007890	0.999962	0.003712	-0.003901	-0.003743	0.999985	0.408530	-0.283900	0.867470
0.999973	0.005872	-0.004485	-0.005873	0.999983	-0.000236	0.004483	0.000263	0.999990	0.219713	-0.464703	0.857774
0.999889	0.013607	-0.006050	-0.013569	0.999888	0.006324	0.006135	-0.006241	0.999962	0.345297	-0.210774	0.914519
0.999839	0.010016	-0.014900	-0.009970	0.999945	0.003132	0.014931	-0.002983	0.999884	0.308240	-0.269167	0.912435
0.999175	0.015194	-0.037650	-0.015361	0.999873	-0.004149	0.037582	0.004724	0.999282	0.374579	-0.457819	0.806283
0.998084	0.020579	-0.058348	-0.020336	0.999782	0.004753	0.058433	-0.003557	0.998285	0.289346	-0.125025	0.949025
0.995675	0.013678	-0.091898	-0.012812	0.999868	0.010013	0.092022	-0.008792	0.995718	-0.393004	0.143988	0.908193
0.998137	0.024534	-0.055869	-0.024380	0.999697	0.003436	0.055937	-0.002067	0.998432	0.634360	-0.129200	0.762164
0.996480	0.029634	-0.078422	-0.029167	0.999549	0.007099	0.078597	-0.004786	0.996895	-0.003337	-0.108585	0.994082
0.993898	0.029746	-0.106218	-0.027616	0.999388	0.021470	0.106792	-0.018406	0.994111	-0.630277	0.329171	0.703134
0.996510	0.034856	-0.075854	-0.034540	0.999388	0.005480	0.075999	-0.002841	0.997104	0.175178	-0.242114	0.954303
0.997457	0.035334	-0.061901	-0.035372	0.999374	0.000484	0.061880	0.001707	0.998082	0.492403	-0.410929	0.767253
0.997230	0.029484	-0.068292	-0.029119	0.999556	0.006341	0.068449	-0.004334	0.997645	0.243741	-0.204363	0.948064
0.993457	0.051885	-0.101745	-0.051308	0.998649	0.008279	0.102037	-0.003004	0.994776	-0.008740	-0.243258	0.969922
0.999892	0.009751	-0.010991	-0.009841	0.999918	-0.008222	0.010909	0.008330	0.999906	0.857373	-0.500751	0.118996
0.999240	0.020413	-0.033205	-0.020751	0.999736	-0.009848	0.032996	0.010530	0.999400	0.731230	-0.531168	0.427977
0.998866	0.018211	-0.043994	-0.018516	0.999807	-0.006533	0.043866	0.007340	0.999010	0.750221	-0.377223	0.543020
0.997763	0.014808	-0.065196	-0.014606	0.999887	0.003578	0.065241	-0.002617	0.997866	-0.055724	-0.279016	0.958668
0.996913	0.025125	-0.074383	-0.023591	0.999492	0.021429	0.074883	-0.019609	0.996999	0.098675	-0.313195	0.944549
0.994141	0.032958	-0.102941	-0.030650	0.999244	0.023920	0.103652	-0.020625	0.994400	-0.751182	0.101577	0.652233
0.998712	0.020488	-0.046415	-0.020193	0.999773	0.006817	0.046544	-0.005871	0.998899	0.530642	-0.144008	0.835273
0.996899	0.024894	-0.074654	-0.024530	0.999682	0.005791	0.074774	-0.003942	0.997193	-0.945592	-0.024478	0.324431
0.998423	0.024349	-0.050587	-0.024031	0.999687	0.006887	0.050739	-0.005661	0.998696	0.516685	-0.103583	0.849887
0.998027	0.033469	-0.053119	-0.033404	0.999440	0.002118	0.053160	-0.000340	0.998586	0.697912	-0.189291	0.690716
0.998187	0.030395	-0.051941	-0.030081	0.999524	0.006818	0.052124	-0.005243	0.998627	0.265154	-0.208515	0.941390
0.997023	0.038769	-0.066647	-0.038438	0.999242	0.006237	0.066838	-0.003657	0.997757	0.197698	-0.320877	0.926258
0.998092	0.029157	-0.054418	-0.029105	0.999575	0.001758	0.054446	-0.000170	0.998517	0.080904	-0.362558	0.928443
0.999921	0.009803	-0.007929	-0.009478	0.999152	0.040067	0.008315	-0.039988	0.999166	0.212377	0.895375	0.391406
0.999660	0.002886	-0.025928	-0.002814	0.999992	0.002815	0.025936	-0.002741	0.999660	-0.121542	-0.272403	0.954476
0.999988	-0.002209	0.004480	0.002017	0.999091	0.042574	-0.004570	-0.042564	0.999083	0.286325	0.873269	0.394233
0.999949	0.004397	-0.009125	-0.004390	0.999990	0.000858	0.009129	-0.000818	0.999958	-0.063471	-0.471336	0.879667
0.999984	0.000187	-0.005621	-0.000153	0.999982	0.005973	0.005622	-0.005972	0.999966	0.115161	-0.195238	0.973971
0.999933	-0.002177	-0.011383	0.002266	0.999967	0.007803	0.011366	-0.007828	0.999905	-0.169333	-0.450830	0.876401
0.999739	0.000178	-0.022841	0.000155	0.999894	0.014583	0.022841	-0.014582	0.999633	-0.075761	-0.215356	0.973592
0.999702	0.011887	-0.021316	-0.011488	0.999759	0.018706	0.021533	-0.018456	0.999598	-0.072259	-0.216898	0.973516
0.999954	0.008673	0.004129	-0.008720	0.999896	0.011507	-0.004029	-0.011543	0.999925	0.595295	-0.187139	0.781411
0.999792	0.017105	-0.011081	-0.016808	0.999511	0.026352	0.011526	-0.026161	0.999591	0.365995	-0.025874	0.930257
0.999862	0.011301	-0.012167	-0.011246	0.999926	0.004616	0.012218	-0.004478	0.999915	0.005820	-0.196694	0.980448
0.999983	0.000441	-0.005803	-0.000406	0.999981	0.006086	0.005806	-0.006084	0.999965	0.129804	-0.066539	0.989305
0.999985	0.000417	-0.005405	-0.000416	1.000000	0.000128	0.005405	-0.000125	0.999985	0.027667	-0.436647	0.899207
0.999965	-0.007192	0.004235	0.007151	0.999927	0.009725	-0.004305	-0.009694	0.999944	0.339369	-0.256299	0.905063
0.999956	-0.009058	-0.002369	0.009089	0.999870	0.013307	0.002248	-0.013327	0.999909	0.063115	-0.071682	0.995429
0.999958	-0.005157	0.007583	0.005093	0.999952	0.008337	-0.007626	-0.008298	0.999936	0.433376	-0.095743	0.896113
0.999952	-0.006418	0.007337	0.006393	0.999974	0.003348	-0.007359	-0.003301	0.999967	0.347428	-0.303242	0.887321
0.999987	-0.003287	0.003820	0.003251	0.999952	0.009237	-0.003850	-0.009224	0.999950	0.253950	-0.030783	0.966727
0.999998	-0.001716	0.001173	0.001709	0.999977	0.006528	-0.001184	-0.006526	0.999978	0.277721	-0.205185	0.938494
0.999995	0.000485	-0.003022	-0.000443	0.999903	0.013951	0.003029	-0.013950	0.999898	0.371692	-0.033567	0.927749
0.999949	-0.000427	0.010084	0.000365	0.999981	0.006144	-0.010087	-0.006141	0.999930	0.891503	0.026082	0.452263
0.999649	0.002333	-0.026385	-0.002278	0.999995	0.002097	0.026390	-0.002036	0.999650	-0.635575	-0.141846	0.758897
0.999912	-0.008763	-0.009910	0.008892	0.999875	0.013100	0.009794	-0.013187	0.999865	-0.132187	0.522209	0.842511
0.999948	-0.007804	-0.006631	0.007982	0.999595	0.027304	0.006415	-0.027356	0.999605	0.025158	0.705578	0.708186
0.999981	-0.003412	0.005211	0.003356	0.999936	0.010819	-0.005247	-0.010801	0.999928	0.444734	0.073488	0.892643
0.999986	-0.002830	0.004429	0.002788	0.999952	0.009340	-0.004455	-0.009327	0.999947	0.381014	-0.024031	0.924257
0.999941	-0.002716	-0.010511	0.002770	0.999983	0.005134	0.010497	-0.005163	0.999932	-0.431044	-0.048172	0.901044
0.999977	-0.002481	0.006254	0.002443	0.999978	0.006154	-0.006269	-0.006138	0.999962	0.406985	0.048702	0.912136
0.999986	-0.002604	-0.004624	0.002640	0.999966	0.007837	0.004604	-0.007849	0.999959	0.176462	0.133465	0.975217
0.999644	-0.002562	-0.026552	0.002761	0.999969	0.007433	0.026532	-0.007503	0.999620	0.216962	0.118312	0.968984
0.998600	0.010141	-0.051913	-0.009927	0.999941	0.004371	0.051955	-0.003849	0.998642	0.203133	0.019720	0.978953
0.998010	0.023537	-0.058500	-0.023077	0.999697	0.008530	0.058683	-0.007163	0.998251	0.166170	-0.008623	0.986059
0.997639	0.012139	-0.067598	-0.011369	0.999866	0.011761	0.067732	-0.010965	0.997643	-0.132756	0.124471	0.983302
0.998546	0.014418	-0.051946	-0.014156	0.999885	0.005398	0.052018	-0.004655	0.998635	0.248069	0.073620	0.965941
0.999912	0.012166	-0.005376	-0.012186	0.999918	-0.003831	0.005329	0.003896	0.999978	0.943355	-0.241282	0.227738
0.996120	0.029144	-0.083045	-0.029074	0.999575	0.002049	0.083069	0.000374	0.996544	0.420947	-0.013334	0.906987
0.997802	0.012839	-0.065005	-0.012669	0.999915	0.003025	0.065038	-0.002195	0.997880	-0.026548	0.094702	0.995152
0.995415	0.026193	-0.091989	-0.025968	0.999656	0.003646	0.092053	-0.001240	0.995753	0.024746	-0.051822	0.998350
0.997355	0.021221	-0.069524	-0.021050	0.999773	0.003188	0.069576	-0.001716	0.997575	0.382591	-0.007380	0.923889
0.998949	0.014477	-0.043498	-0.014255	0.999884	0.005429	0.043571	-0.004804	0.999039	0.412545	-0.021378	0.910686
0.995967	0.026372	-0.085754	-0.025777	0.999635	0.008040	0.085935	-0.005797	0.996284	-0.019090	-0.146214	0.989069
0.996357	0.021036	-0.082650	-0.020825	0.999777	0.003409	0.082703	-0.001675	0.996573	0.191186	-0.131082	0.972762
0.997743	0.016377	-0.065125	-0.016218	0.999864	0.002980	0.065165	-0.001917	0.997873	0.099297	-0.090655	0.990920
0.963222	0.079336	-0.256728	-0.078421	0.996825	0.013817	0.257009	0.006824	0.966385	0.061219	-0.115616	0.991406
0.996021	0.025560	-0.085378	-0.026292	0.999626	-0.007468	0.085156	0.009683	0.996321	0.944076	-0.329270	-0.017342
0.999557	0.016978	-0.024449	-0.017075	0.999847	-0.003769	0.024382	0.004185	0.999694	0.964212	-0.137314	0.226804
0.998054	0.029033	-0.055177	-0.029598	0.999517	-0.009459	0.054876	0.011074	0.998432	0.983983	-0.121147	0.130769
0.996893	0.027406	-0.073843	-0.026989	0.999614	0.006642	0.073996	-0.004629	0.997248	0.953854	0.122465	0.274162
0.999664	0.015779	-0.020553	-0.015512	0.999794	0.013121	0.020756	-0.012798	0.999703	0.963646	0.263785	-0.042472
